Babahoyo
400.5 20.2 15.3 25.7
28.3 3.4 85.0
405.0 19.8 15.0 26.1
410.1 20.5 15.7 27.0
398.7 21.0 14.9 24.5
399.2 20.1 15.4 25.0
402.3 20.4 15.2 25.8
404.0 19.9 15.5 26.3
401.5 20.3 15.1 25.4
399.8 20.2 15.3 25.6
403.2 20.0 15.4 26.0
400.7 20.1 15.0 25.7
405.5 20.5 15.6 26.2
407.1 20.7 15.7 26.5
398.9 19.8 15.2 24.9
401.2 20.0 15.1 25.1
403.7 20.3 15.5 26.0
405.0 20.4 15.6 26.3
399.5 19.9 15.3 25.0
400.8 20.1 15.2 25.5
402.0 20.3 15.4 25.8
404.5 20.6 15.7 26.4
406.1 20.7 15.8 26.6
399.0 19.7 15.1 24.8
400.2 20.0 15.0 25.2
401.8 20.2 15.3 25.7
403.0 20.4 15.5 26.0
405.3 20.6 15.7 26.5
406.5 20.8 15.9 26.7